Phe_ID	SNP_ID	P.nominal.185sample	slope.185sample	slope_se.185sample	P.nominal.10sample	slope.10sample	slope_se.10sample	FDR.10sample
ENSG00000214078	20_34303409_T_G	5.27e-43	-2.22069	0.121814	0.018362	-1.7016	0.576374	0.0612066666666667
ENSG00000132681	1_160098543_G_A	7.34e-48	1.57766	0.0789683	0.073119	1.13744	0.551589	0.121865
ENSG00000186470	6_26372786_A_G	8.88e-23	-1.57369	0.139359	0.297495	-0.43568	0.390984	0.37186875
ENSG00000148218	9_116152990_C_G	2.12e-16	-1.4923	0.164924	0.927788	0.065514	0.70052	0.927788
ENSG00000163682	4_39457153_C_T	1.83e-58	-1.46088	0.0608304	0.001879	-1.44879	0.318543	0.00977
ENSG00000100299	22_51063477_T_C	3.4e-21	-1.44416	0.134388	0.761667	0.201342	0.641534	0.846296666666667
ENSG00000172803	11_65601560_G_C	8.05e-32	1.40694	0.097946	0.161654	1.04641	0.67862	0.230934285714286
ENSG00000147813	8_144676862_C_T	3.29e-25	1.35937	0.11213	0.045647	0.775146	0.327847	0.1141175
ENSG00000164308	5_96276386_A_G	2.94e-46	1.34062	0.0691213	0.001954	1.0682	0.236412	0.00977
ENSG00000158793	1_161088583_T_G	1.7e-15	1.28425	0.147321	0.070844	0.983342	0.472202	0.121865
